
         73.6000          0.1700          1.5400     344301.2710
         52.4000          0.1700          1.5600     704940.6760
         57.9000          0.2100          1.5700     491217.4680
        729.5000          0.3700          1.9600    4652602.4000
         59.9000          0.2000          1.5500     638435.1150
        114.5000          0.4000          1.8100     596435.3010
         17.5000          0.2100          1.5500     141264.8160
          8.4000          0.1700          1.5900     106561.5540
        443.2000          0.3400          1.8000    2675169.2500
         85.5000          0.1200          1.4600    1130982.1600
         14.7000          0.1800          1.5300     169046.4720
        323.4000          0.3000          1.6300    2186094.0850
        114.7000          0.1600          1.4200    1097716.5360
         84.1000          0.3100          1.6300     464953.1950
         55.6000          0.2400          1.6100     441007.5200
         18.8000          0.0300          1.2600     898621.7490
         87.3000          0.2000          1.5900     793596.5000
         43.9000          0.3200          1.7300     258605.0330
         62.6000          0.1300          1.4700     861719.2400
        146.9000          0.2600          1.6800    1087728.2450
        257.2000          0.2500          1.6100    2020588.0290
        146.8000          0.3800          1.9100     818177.0740
         48.9000          0.1800          1.4900     483400.1120
         80.4000          0.1300          1.4000    1021209.0880
         11.9000          0.1800          1.5100     139637.7160
         39.5000          0.2700          1.5900     270563.0010
         50.2000          0.3500          1.8900     313306.3620
         40.9000          0.2500          1.5800     206316.2440
        269.6000          0.4000          1.8500    1382130.9000
         16.1000          0.1500          1.5400     192337.2280
        611.0000          0.3900          1.8700    3445351.7360
         17.8000          0.0200          1.3200    1306493.6150
         16.3000          0.3000          1.6400      97460.7580
        221.4000          0.1800          1.4700    1960033.1520
         63.5000          0.2300          1.5700     621679.8000
         80.2000          0.2800          1.6600     489564.1620
        225.8000          0.1800          1.5100    2433041.9100
         39.1000          0.3700          1.7800     201986.5200
         30.0000          0.0700          1.3700     664278.0000
         14.7000          0.2300          1.5500     121190.2230
         76.9000          0.1300          1.4700    1111828.8900
        552.9000          0.4100          1.7800    2904541.4400
         21.4000          0.2300          1.6800     178826.4000
         11.7000          0.1700          1.5600      98995.9500
         17.1000          0.0300          1.4400    1104896.2200
        132.6000          0.3400          1.8500     946860.5740
         33.7000          0.1700          1.4900     364108.6350
        140.7000          0.3000          1.6500    1026515.8360
          5.9000          0.1200          1.4300      72828.3210
         73.1000          0.1700          1.7400     334372.9230
         53.2000          0.1800          1.7200     582575.0160
         65.4000          0.2200          1.7800     498742.3720
        717.4000          0.3700          1.9900    4726527.7040
         58.7000          0.2000          1.6100     647960.3090
        120.8000          0.4400          1.9500     578124.2250
         19.5000          0.2400          1.7900     152064.9200
         14.3000          0.3200          1.9100      93927.4030
        430.2000          0.3400          1.8900    2457134.9410
         85.1000          0.1200          1.6200    1016065.4940
         15.2000          0.1800          1.6900     157555.9050
        323.1000          0.3000          1.8200    2211653.6520
        110.5000          0.1600          1.5500    1215399.9480
         94.9000          0.3600          1.8200     439603.7120
         53.6000          0.2400          1.7400     445370.1600
         18.8000          0.0300          1.3900     841403.1340
         91.3000          0.2000          1.7900     791988.4960
         52.7000          0.3700          1.8900     231645.1200
         84.6000          0.1900          1.6700     797826.3590
        142.1000          0.2600          1.7700    1115239.5000
        251.2000          0.2500          1.7900    1843815.4240
        159.1000          0.4300          2.1700     756384.2130
         48.2000          0.1800          1.6600     485229.5880
         82.1000          0.1300          1.5500     957305.0200
         12.4000          0.1800          1.6800     122176.7200
         38.7000          0.2700          1.7200     216250.6350
         47.9000          0.3500          1.9500     323456.3820
         40.6000          0.2500          1.7000     201023.3130
        269.1000          0.4000          1.9600    1243922.6660
         16.4000          0.1500          1.6800     242281.5050
        582.5000          0.3900          2.0000    3250331.9400
         39.9000          0.0500          1.4800    1450579.2120
         13.5000          0.2900          1.7100     112539.2560
        219.7000          0.1800          1.6100    2058231.8210
         62.4000          0.2300          1.7500     658794.1160
         81.8000          0.2800          1.8200     499349.7450
        338.8000          0.2900          1.7700    2353126.4430
         37.3000          0.3700          1.9300     177557.5780
         27.8000          0.0700          1.5600     783923.2800
         14.9000          0.2300          1.6900     119742.0750
         77.1000          0.1300          1.6600    1063502.2600
        543.2000          0.4100          1.9200    3002009.6250
         24.8000          0.2700          1.7300     202362.6380
         13.3000          0.1900          1.7000      96211.9410
         16.9000          0.0300          1.6100    1190465.8920
        136.6000          0.3400          2.0000     885446.4450
         29.7000          0.1700          1.6100     358663.0860
        149.4000          0.3100          1.8200     919830.9680
          6.0000          0.1200          1.5900      74165.5350
         72.6000          0.1700          1.7000     285686.0650
         54.1000          0.1800          1.7700     661596.1970
         72.2000          0.2700          1.7900     498753.3200
        673.2000          0.3700          2.0300    4337690.3750
         58.9000          0.2000          1.6400     667154.1600
        117.5000          0.4500          2.0300     532392.2240
         20.0000          0.2400          1.7700     143508.2400
         20.6000          0.5000          2.0800      75595.1440
        427.9000          0.3400          1.8700    2442423.3540
         86.6000          0.1200          1.6100    1281615.0340
         15.7000          0.1800          1.6500     168721.1060
        315.0000          0.3000          1.8200    2096845.9280
        109.2000          0.1600          1.5500    1175783.8000
         92.5000          0.3600          1.8400     481437.4400
         53.8000          0.2400          1.7000     395054.6320
         18.5000          0.0300          1.4200     893520.0050
         89.3000          0.2000          1.7300     723432.3750
         49.7000          0.3700          1.8900     238647.4480
        141.6000          0.3600          1.8800     766297.8570
        189.9000          0.3900          1.8900    1002730.4470
        246.2000          0.2500          1.7800    1842764.4410
        174.0000          0.4800          2.2400     778967.5500
         48.9000          0.1800          1.7200     483247.6220
         81.6000          0.1300          1.5300    1084170.3210
         13.2000          0.1900          1.7100     132127.7400
         38.8000          0.2700          1.7300     270659.8400
         46.3000          0.3500          1.9500     334226.4000
         41.9000          0.2500          1.7400     180258.7050
        257.5000          0.4000          1.9900    1160324.9080
         15.9000          0.1500          1.6600     264714.3480
        561.1000          0.4000          2.0200    3329949.3800
         43.4000          0.0500          1.4800    1421863.3800
         15.3000          0.2900          1.7400      96266.6110
        247.5000          0.2100          1.6000    2178257.5180
         62.4000          0.2300          1.7700     657475.1260
         80.2000          0.2800          1.8600     515808.6480
        352.3000          0.3100          1.7600    2147965.7080
         35.1000          0.3700          1.8700     182692.9260
         28.4000          0.0700          1.5700     687154.6710
         14.7000          0.2300          1.7200     113397.4800
         77.0000          0.1300          1.6400    1059841.7280
        572.6000          0.4100          1.9600    3208952.4160
         25.9000          0.2700          1.7400     194030.5900
         13.3000          0.2000          1.7000      95339.8650
         16.5000          0.0300          1.6300    1189321.9380
        133.9000          0.3400          2.0200     917984.2500
         34.6000          0.1700          1.6200     387898.9120
        170.3000          0.3800          1.9100     893335.8700
          5.8000          0.1200          1.6100      75625.2240
         72.3000          0.1700          1.5500     335965.5360
         54.4000          0.1800          1.6200     740213.6280
         81.3000          0.3200          1.6800     505857.2540
        653.5000          0.3700          2.1400    4283140.3160
         60.0000          0.2000          1.5700     692907.9520
        119.3000          0.4700          2.0500     500506.1880
         20.7000          0.2400          1.5500     144017.4030
         21.4000          0.6500          2.1600      67192.2000
        428.2000          0.3400          1.7200    2658684.9100
         86.8000          0.1200          1.5000    1248234.5640
         17.1000          0.1800          1.5200     168161.7600
        412.7000          0.4400          1.8300    2235340.2540
        111.2000          0.1600          1.4700    1127466.9000
         93.5000          0.3600          1.7400     462958.4400
         54.0000          0.2400          1.6200     430876.5640
         18.5000          0.0300          1.3300     867382.0580
         89.1000          0.2000          1.5700     829680.6400
         46.9000          0.3700          1.8100     228980.4160
        141.8000          0.3600          1.7400     783341.0520
        237.5000          0.5100          1.9600    1012265.6560
        277.8000          0.3300          1.7500    1859188.1240
        173.8000          0.4800          2.0700     756339.9840
         49.4000          0.1800          1.5600     449234.3160
         98.7000          0.1600          1.4700    1019822.5770
         12.9000          0.1800          1.5300     143323.7760
         46.3000          0.3400          1.7000     241387.0220
         47.9000          0.3500          1.9000     340651.8720
         43.7000          0.2500          1.6000     198596.9250
        251.6000          0.4000          1.8500    1412983.0320
         22.4000          0.2100          1.6000     270279.0160
        729.2000          0.5600          2.0900    2985541.0920
         38.2000          0.0500          1.3800    1551549.1360
         21.8000          0.4400          1.8000      99421.5720
        284.5000          0.2400          1.5300    2268987.5270
         65.2000          0.2300          1.6300     594832.7600
         95.9000          0.3400          1.8100     516021.7800
        356.2000          0.3100          1.5900    2282422.3120
         40.9000          0.4400          1.7800     181647.4140
         28.0000          0.0700          1.3900     684110.7320
         15.3000          0.2300          1.5700     114316.7300
         77.0000          0.1300          1.5100    1085232.3860
        563.3000          0.4100          1.8000    2969316.3400
         26.2000          0.2700          1.6300     216882.9400
         13.8000          0.2000          1.6000     101766.3750
         16.7000          0.0300          1.5700    1305101.7650
        196.4000          0.5400          2.2100     911935.7100
         31.6000          0.1700          1.5200     391520.2500
        177.4000          0.3800          1.8200     899460.4560
          6.0000          0.1200          1.4900      76748.3730
         70.5000          0.1700          1.5600     386790.4740
        109.6000          0.4200          1.8800     764341.5440
         86.7000          0.3200          1.6700     484451.3520
        662.6000          0.6200          2.7500    3679243.0600
         61.7000          0.2000          1.6600     641029.6440
        129.8000          0.5000          2.0600     534580.6180
         21.5000          0.2400          1.6400     145128.4050
         21.6000          0.6500          2.2600      65843.7000
        447.6000          0.3400          1.7500    2648544.5520
         83.0000          0.1200          1.5500    1146428.4700
         24.4000          0.2800          1.6800     174939.9300
        430.4000          0.4400          1.8600    2110422.0060
        120.7000          0.1600          1.4700    1228671.6000
         95.1000          0.3600          1.8100     513856.1040
         54.6000          0.2400          1.6600     440121.9420
         18.9000          0.0300          1.3600     845462.0700
         91.0000          0.2000          1.5900     826517.8570
         47.0000          0.3700          1.8600     244477.2500
        138.1000          0.3600          1.7700     834787.4700
        236.9000          0.5100          2.0600    1044818.6280
        590.7000          0.7500          2.2600    1932405.8100
        179.3000          0.4800          2.1500     727058.3300
         51.1000          0.1800          1.5600     493096.8450
        111.1000          0.1700          1.5300    1012738.8600
         14.2000          0.1800          1.5600     143090.8840
         48.5000          0.3400          1.7200     277983.7450
         50.0000          0.3500          1.9200     321611.4000
         44.8000          0.2500          1.6500     193135.1450
        256.1000          0.4000          1.9000    1203017.8290
         23.0000          0.2100          1.6600     269344.8900
        719.8000          0.5600          2.1300    3042607.1040
         44.2000          0.0500          1.4300    1474601.1800
         22.5000          0.4400          1.8100     112713.6720
        298.2000          0.2400          1.5700    2263832.8290
         66.7000          0.2300          1.6200     546040.3550
        111.3000          0.3800          1.9000     544195.2900
        358.6000          0.3100          1.6400    2296156.2580
         50.2000          0.5600          2.1000     191756.7210
         29.0000          0.0700          1.4300     695964.4800
         16.3000          0.2300          1.6200     120610.8980
         84.8000          0.1300          1.5400    1099123.8050
        559.7000          0.4100          1.8600    3346374.1140
         25.8000          0.2700          1.7100     187860.6840
         14.3000          0.2000          1.6400     101572.9920
         17.4000          0.0300          1.5800    1148704.9200
        201.1000          0.5700          2.2400     859645.7240
         35.8000          0.1700          1.5700     376855.1010
        180.5000          0.3800          1.9000     873752.4030
          6.4000          0.1200          1.5600      80145.3400
         71.0000          0.1700          1.6100     356628.6000
        171.6000          0.5800          2.1300     818840.4280
         86.0000          0.3200          1.7200     493624.1080
        644.5000          0.8700          3.5800    4497864.0900
         61.7000          0.2000          1.7100     681175.7640
        124.4000          0.5000          2.0700     560761.7640
         21.9000          0.2400          1.7000     139451.5320
         20.6000          0.6500          2.3200      89091.7040
        439.1000          0.3400          1.8100    2522370.5260
         87.8000          0.1200          1.5700    1160903.8140
         24.9000          0.2800          1.7900     191736.6160
        424.2000          0.4400          1.9200    2276576.2640
        121.0000          0.1600          1.5100    1303196.6850
         96.1000          0.3600          1.8600     524607.7040
         54.5000          0.2400          1.6900     443468.1030
         20.0000          0.0300          1.4200     962371.6800
         93.3000          0.2000          1.6600     852292.8540
         46.0000          0.3700          1.8800     249425.8690
        135.9000          0.3600          1.8200     829002.0900
        230.3000          0.5100          2.1200    1127763.0000
        592.7000          0.7500          2.3100    1928409.0880
        177.5000          0.4800          2.2200     737956.6840
         51.6000          0.1800          1.6400     479390.4160
        112.5000          0.1700          1.6100    1158805.7480
         13.6000          0.1800          1.6000     147701.9180
         47.7000          0.3400          1.7900     278492.2800
         51.2000          0.3500          1.9600     359935.7760
         45.1000          0.2500          1.7100     226594.2330
        251.5000          0.4000          1.9400    1430334.5160
         23.2000          0.2100          1.7300     292740.0890
        674.2000          0.5600          2.1700    3286687.9810
         46.2000          0.0500          1.4800    1478753.3280
         22.7000          0.4400          1.8700     116328.1860
        287.3000          0.2400          1.6200    2478594.8400
         66.9000          0.2300          1.6600     612035.4060
        104.4000          0.3800          1.9300     593328.2350
        351.0000          0.3100          1.7200    2321516.1200
         53.1000          0.6100          2.1600     174352.7250
         26.5000          0.0700          1.5100     721597.2750
         22.5000          0.3300          1.7500     114762.2490
         80.9000          0.1300          1.5800    1177542.8000
        569.1000          0.4100          1.8900    3297998.0020
         27.8000          0.2700          1.7900     231483.4890
         26.3000          0.4400          1.9800     111471.8990
         17.4000          0.0300          1.6000    1309663.4480
        257.2000          0.8200          2.5300    1014111.4800
         35.1000          0.1700          1.5900     388708.7460
        202.0000          0.4300          2.0000     999939.1800
          6.3000          0.1200          1.6300      90138.8280
         74.0000          0.1700          1.7200     396207.2660
        166.3000          0.5800          2.2500     741172.3150
         86.0000          0.3200          1.8300     557594.2350
        635.0000          0.8700          3.7600    4540252.8080
         62.1000          0.2000          1.7800     687963.8880
        123.6000          0.5000          2.1200     555600.2500
         21.6000          0.2400          1.7400     155345.5960
         19.2000          0.6500          2.3200      81214.6840
        454.1000          0.3400          1.8600    2775236.1000
         88.8000          0.1200          1.6200    1307223.4560
         25.0000          0.2800          1.8500     183809.9320
        414.8000          0.4400          2.0000    2143777.6720
        122.5000          0.1600          1.6000    1201164.9210
         96.4000          0.3600          1.9100     515145.0150
         55.2000          0.2400          1.7600     459900.4110
         20.6000          0.0300          1.4900     948122.5600
         91.4000          0.2000          1.7300     814732.0740
         46.3000          0.3700          1.8800     225097.0590
        131.8000          0.3600          1.9300     819039.1080
        279.0000          0.7000          2.4300     987782.4840
        545.9000          0.7500          2.3700    1975143.8610
        180.6000          0.4800          2.2700     788052.7780
         52.0000          0.1800          1.7100     484431.7760
        112.9000          0.1700          1.6700    1206013.8930
         14.0000          0.1800          1.6800     140108.0700
         48.1000          0.3400          1.8800     282205.9560
         53.6000          0.3500          1.9900     366380.4210
         50.6000          0.2500          1.7900     228082.8720
        246.0000          0.4000          1.9900    1356447.6850
         22.3000          0.2100          1.7900     285606.4770
        658.5000          0.5600          2.2500    3271671.9420
         45.8000          0.0500          1.5700    1506503.7960
         22.0000          0.4400          1.9800     110204.1300
        288.6000          0.2400          1.6900    2190876.8430
         67.8000          0.2300          1.7600     630770.5680
        142.9000          0.5100          2.1200     529431.8940
        347.2000          0.3100          1.8100    2302578.5760
         54.3000          0.6100          2.1900     187863.1480
         32.2000          0.0700          1.5800     701102.8440
         21.5000          0.3300          1.8500     135108.4860
         82.1000          0.1300          1.6300    1143905.2840
        569.6000          0.4100          1.9400    3318983.1160
         32.7000          0.2700          1.9000     204446.3100
         25.8000          0.4400          2.0600     108338.4320
         18.0000          0.0300          1.6000    1309738.1940
        257.1000          0.8300          2.6800    1048188.5140
         35.5000          0.1700          1.6400     398939.8900
        208.7000          0.4400          1.9900     937164.2320
          6.3000          0.1200          1.6600      88434.0000
         74.9000          0.1700          1.8600     397784.7060
        169.6000          0.5800          2.3700     784895.5620
         86.6000          0.3200          1.9400     512080.9200
        617.3000          0.8700          4.0200    4829191.6800
         62.0000          0.2000          1.9200     710368.4280
        123.6000          0.5000          2.2400     535987.0530
         23.1000          0.2400          1.8600     144886.1400
         18.0000          0.6500          2.4200      93518.2800
        447.7000          0.3400          2.0000    2624735.7400
         88.6000          0.1200          1.7500    1412250.2940
         26.3000          0.2800          1.9500     192046.3230
        464.4000          0.5200          2.1800    2147826.9120
        123.1000          0.1600          1.7500    1194223.6800
         96.5000          0.3600          2.0000     524363.3460
         54.0000          0.2400          1.9200     432747.7560
         21.8000          0.0300          1.6400     958756.5680
         89.5000          0.2000          1.9300     849170.6550
         73.5000          0.6200          2.2300     223945.5680
        130.0000          0.3600          2.0500     896989.8560
        294.2000          0.7600          2.6600    1016549.6660
        530.8000          0.7500          2.4900    2082544.3980
        184.4000          0.4800          2.3200     658304.4600
         52.3000          0.1800          1.8400     507963.1710
        109.4000          0.1700          1.8200    1114104.5570
         14.1000          0.1800          1.8200     148191.1150
         46.6000          0.3400          2.0100     282297.4440
         57.5000          0.3500          2.0900     415682.6080
         74.9000          0.3700          2.0600     217094.4880
        318.9000          0.6000          2.3700    1219389.5040
         22.6000          0.2100          1.9000     294479.1300
        662.6000          0.5600          2.3700    3458521.5570
         46.1000          0.0500          1.7400    1461793.4240
         22.4000          0.4400          2.1100      99010.4000
        285.3000          0.2400          1.8000    2292418.2560
         67.7000          0.2300          1.9000     615179.5440
        183.9000          0.6800          2.4200     545924.9420
        346.0000          0.3100          1.9600    2255927.9820
         62.4000          0.7100          2.3900     176134.5210
         32.9000          0.0700          1.7000     751433.7740
         21.3000          0.3300          1.9800     153038.8860
         82.8000          0.1300          1.7500    1121523.5250
        556.5000          0.4100          2.1000    3292198.1400
         43.6000          0.5200          2.3000     213823.3160
         25.1000          0.4400          2.2100     105333.8270
         17.6000          0.0300          1.6900    1235852.3150
        259.1000          0.8300          2.7700     951153.3880
         35.6000          0.1700          1.7800     406172.3850
        252.0000          0.5400          2.1700     952356.8340
          6.1000          0.1200          1.7600      84481.5240
         71.8000          0.1700          2.2100     806095.1200
        166.5000          0.5800          2.7300     720383.5980
         83.3000          0.3200          2.3100     535715.4240
        849.1000          0.8700          4.0400    4703431.4800
         61.9000          0.2000          2.3000     701021.4750
        120.0000          0.5000          2.6200     579170.8440
         24.6000          0.2400          2.2400     150208.4880
         17.4000          0.6500          2.7700      89188.7300
        438.2000          0.3400          2.3900    2469637.7190
         87.1000          0.1200          2.1100    1412250.2940
         25.5000          0.2800          2.3200     203398.8150
        493.3000          0.5800          2.6500    2250104.3840
        120.6000          0.1600          2.1300    1240155.3600
         94.2000          0.3600          2.3700     526604.2150
         52.4000          0.2400          2.2800     430706.4930
         20.0000          0.0300          2.0100     924515.2620
         87.8000          0.2000          2.3200     785899.1160
         78.6000          0.7400          2.8900     232943.3810
        131.3000          0.3600          2.4100     812897.0570
        280.7000          0.7600          3.0600     943591.5560
        604.7000          0.7500          2.8500    1907732.2770
        181.7000          0.4800          2.6400     713163.1650
         51.1000          0.1800          2.2400     484778.1300
        105.6000          0.1700          2.1800    1147993.6690
         13.1000          0.1800          2.1800     139230.7220
         49.0000          0.3400          2.3900     297625.8120
         61.0000          0.3500          2.5200     430723.7550
         72.0000          0.3700          2.4800     208708.8640
        409.4000          0.8000          2.9500    1314654.3090
         21.7000          0.2100          2.2800     293176.1250
        642.2000          0.5600          2.7800    3116939.1810
         42.0000          0.0500          2.1000    1491384.3840
         21.1000          0.4400          2.4800     109901.5440
        279.3000          0.2400          2.1700    2414913.8880
         66.8000          0.2300          2.2600     651366.5760
        176.1000          0.6800          2.8000     556274.2300
        340.9000          0.3100          2.3000    2199055.8480
         60.9000          0.7100          2.7500     173806.7520
         28.6000          0.0700          2.0500     717969.1120
         20.3000          0.3300          2.3000     126130.9500
         80.7000          0.1300          2.1300    1069959.2250
        539.9000          0.4100          2.4700    3352056.2880
         47.4000          0.5200          2.6700     209305.9220
         24.4000          0.4400          2.5600     102972.0820
         17.2000          0.0300          2.0700    1144107.8200
        253.4000          0.8300          3.1100     995599.8080
         34.7000          0.1700          2.1300     394525.8650
        261.6000          0.5900          2.6700     964566.5370
          6.0000          0.1200          2.1500      88557.3870
         70.7000          0.1700          2.7800     874831.4960
        162.8000          0.5800          3.2900     731270.5320
         82.4000          0.3200          2.8600     523616.4360
       1176.9000          0.8700          3.9100    4420126.3480
         60.8000          0.2000          2.8700     671909.6340
        117.2000          0.5000          3.1600     531440.2000
         26.0000          0.2400          2.8200     140936.8700
         17.0000          0.6500          3.3600      98020.5820
        426.3000          0.3400          2.9300    2969469.8480
         84.4000          0.1200          2.6900    1483318.0560
         25.3000          0.2800          2.8300     218043.1680
        485.0000          0.5800          3.1800    2128815.7570
        117.6000          0.1600          2.6500    1267227.1800
         92.8000          0.3600          2.9200     532186.2130
         50.9000          0.2400          2.8100     435287.5140
         19.4000          0.0300          2.5000     966382.7400
         92.3000          0.2000          2.8600     819334.9300
         77.2000          0.7400          3.4000     240927.4000
        200.8000          0.6600          3.2700     844457.0360
        274.5000          0.7600          3.6500    1003798.2000
        601.8000          0.7500          3.3900    1849377.3100
        177.3000          0.4800          3.2500     751337.1360
         49.2000          0.1800          2.7600     508698.8600
        107.2000          0.1700          2.6800    1181460.0160
         12.4000          0.1800          2.6600     132871.3470
         45.0000          0.3400          2.9700     281929.8060
         61.0000          0.3500          3.1000     452376.6690
         93.6000          0.5200          3.1800     244862.6040
        393.2000          0.8000          3.4900    1377719.9100
         21.0000          0.2100          2.8500     323927.2280
        738.1000          0.7400          3.5200    3202228.9440
         42.4000          0.0500          2.6500    1649632.2300
         21.1000          0.4400          3.0200     117044.7540
        271.3000          0.2400          2.7200    2314873.6630
         63.9000          0.2300          2.8000     622159.1630
        166.4000          0.6800          3.3300     557593.2960
        333.7000          0.3100          2.8600    2357180.6760
         58.8000          0.7100          3.3000     194864.8200
         28.1000          0.0700          2.6500     778551.7860
         19.3000          0.3300          2.8500     127241.6200
         80.0000          0.1300          2.7000    1146105.8920
        536.9000          0.4100          3.0000    3452438.8800
         46.2000          0.5200          3.2100     207341.1840
         24.1000          0.4400          3.1000     103208.3850
         16.9000          0.0300          2.6200    1194129.5650
        254.8000          0.8300          3.6900     945338.5710
         33.8000          0.1700          2.6300     379827.2970
        251.6000          0.5900          3.2000    1003888.1510
          5.7000          0.1200          2.7700      91031.6680
         66.4000          0.1700          3.0000     830740.8170
        160.9000          0.5800          3.5100     864911.0300
         85.6000          0.3200          3.0500     535418.8800
       1120.2000          0.8700          3.8800    4497729.8240
         60.6000          0.2000          2.9800     767148.9280
        117.0000          0.5000          3.3100     556825.3600
         26.6000          0.2400          2.9800     155988.9700
         16.3000          0.6500          3.6100      98034.9760
        425.7000          0.3400          3.1200    2939497.8750
         83.5000          0.1200          2.9400    1517017.3290
         24.2000          0.2800          2.9600     195305.0120
        477.6000          0.5800          3.3200    2266443.2280
        114.4000          0.1600          2.8100    1299484.4500
         91.2000          0.3600          3.0600     508696.1280
         50.1000          0.2400          2.9600     460699.2840
         18.7000          0.0300          2.7000     984976.7430
         83.9000          0.2400          3.0000     847723.0240
         76.3000          0.7400          3.5800     245553.3600
        203.2000          0.6600          3.5300     885546.0090
        264.0000          0.7600          3.8900     996060.1710
        590.4000          0.7500          3.5700    1975872.7970
        176.4000          0.4800          3.4800     853456.5780
         48.1000          0.1800          2.9000     552158.9160
        102.5000          0.1700          2.8900    1134595.0840
         12.2000          0.1800          2.8400     155352.9060
         40.6000          0.3400          3.1600     270455.6520
         63.4000          0.3500          3.2000     436842.4500
         87.5000          0.5200          3.3200     235908.1520
        386.7000          0.8000          3.6900    1408410.9540
         20.5000          0.2100          3.0100     331804.8950
       1014.4000          1.1100          4.0900    3492714.8880
         40.3000          0.0500          2.8200    1662277.0220
         19.8000          0.4400          3.1700     111244.1070
        272.6000          0.2400          2.9000    2447761.4680
         63.7000          0.2300          2.9800     774082.3680
        159.6000          0.6800          3.5100     557274.6650
        330.5000          0.3100          3.0100    2393623.2960
         59.1000          0.7100          3.4500     200761.4400
         25.8000          0.0700          2.8600     828839.3580
         19.5000          0.3300          3.1200     130451.5520
         76.0000          0.1300          2.9000    1097982.1880
        495.7000          0.4100          3.1600    3600633.3750
         44.5000          0.5200          3.3300     218190.3570
         25.3000          0.4400          3.3400     108509.1840
         16.7000          0.0300          2.8200    1268375.1750
        237.9000          0.8300          3.8600    1049431.9040
         33.5000          0.1700          2.8200     410000.3640
        247.5000          0.5900          3.4200     992068.7160
          5.5000          0.1200          2.9800      85521.0600
         62.5000          0.1700          3.2600     852228.8040
        160.2000          0.5800          3.7000     968821.5750
         79.8000          0.3400          3.3800     553977.6770
       1074.3000          0.8700          3.9500    4350085.8960
         58.8000          0.2000          3.1400     710049.1320
        151.3000          0.6500          3.7600     527142.7200
         27.2000          0.2400          3.2000     155960.9870
         16.5000          0.6500          3.7500      95984.6520
        432.4000          0.3400          3.3500    2950303.8110
         79.5000          0.1200          3.1100    1515176.8650
         23.4000          0.2800          3.1000     207782.5180
        471.6000          0.5800          3.5500    2209719.4700
        114.8000          0.1600          3.0800    1316889.5780
         89.8000          0.3600          3.2400     530866.6440
         49.2000          0.2400          3.1000     461530.8750
         18.5000          0.0300          2.9500    1045998.3840
        104.0000          0.2400          3.1600     823593.2830
         95.0000          0.9400          3.9500     244388.1480
        206.2000          0.6900          3.7200     928049.3200
        270.1000          0.7600          4.0400     965814.2700
        584.6000          0.7500          3.8200    1869990.1440
        169.4000          0.4800          3.7100     843171.7280
         47.1000          0.1800          3.1300     598470.5260
         95.0000          0.1700          3.0600    1175242.7960
         12.1000          0.1800          3.1400     152621.9550
         45.0000          0.3400          3.3800     304295.8680
         60.6000          0.3500          3.3500     436299.2400
         86.2000          0.5200          3.5500     230401.2880
        396.2000          0.8000          3.8500    1272930.9600
         20.1000          0.2100          3.2600     299521.8680
       1066.1000          1.2100          4.7400    3362160.2560
         40.3000          0.0500          2.9700    1718764.8720
         19.1000          0.4400          3.4700     108624.4500
        264.3000          0.2400          3.1700    2360540.3920
         59.3000          0.2300          3.1700     723440.7720
        157.3000          0.6800          3.5700     618769.3120
        331.6000          0.3100          3.2300    2405748.8820
         79.1000          1.0500          4.0100     190204.4250
         26.4000          0.0700          3.0600     852016.6200
         18.8000          0.3300          3.3300     132499.5060
         77.1000          0.1300          3.1200    1262079.6900
        512.9000          0.4100          3.3600    3733869.9610
         47.4000          0.5500          3.4900     212591.6500
         25.1000          0.4400          3.5100     103743.0480
         16.6000          0.0300          3.0000    1405851.8700
        307.7000          1.1300          4.3300    1013200.1850
         33.9000          0.1700          2.9900     414503.3960
        293.5000          0.7300          3.8400     993798.9360
          5.4000          0.1200          3.1200      92670.0810
         61.2000          0.1700          3.2700     890261.2070
        216.9000          0.9400          4.0700     884945.6700
         86.7000          0.3600          3.4800     526684.2960
       1040.6000          0.8700          4.0300    4515741.0480
         56.3000          0.2000          3.2500     650000.0900
        252.0000          1.2300          4.4200     510237.9150
         35.2000          0.2400          3.2300     140650.7790
         20.5000          0.8300          3.9700     104401.0180
        426.5000          0.3400          3.3600    3256266.9720
         83.6000          0.1200          3.1200    1502769.4320
         25.1000          0.3000          3.2600     195242.4800
        653.7000          0.9800          4.0400    2354520.3120
        343.7000          0.5600          3.5500    1250676.5040
         89.9000          0.3600          3.3200     500672.5990
        119.4000          0.7500          3.7900     428085.4320
         17.1000          0.0300          3.0200     995465.5480
        117.9000          0.3500          3.3500     924000.7420
         96.0000          1.0000          4.2100     247304.8720
        266.1000          1.0000          4.0400     862942.1820
        438.7000          1.4600          4.9000     979104.5760
        828.7000          1.2100          4.3000    2034837.1480
        171.1000          0.4800          3.7600     827773.6780
         46.9000          0.1800          3.2000     562075.3920
        105.0000          0.1700          3.1100    1216051.7460
         16.7000          0.2700          3.3400     144386.6390
         60.9000          0.5700          3.7700     286341.0120
         63.9000          0.3500          3.4900     438244.3800
         95.8000          0.5200          3.5700     213204.1600
        612.1000          1.5000          4.7300    1308085.1550
         20.6000          0.2100          3.2600     316198.0800
       1015.8000          1.5000          5.6400    3258092.1600
         40.3000          0.0500          3.0900    1632897.9680
         18.3000          0.4400          3.5800     104095.1050
        548.8000          0.5500          3.5900    2264351.8340
         58.9000          0.2300          3.2200     686546.7840
        224.2000          1.0800          3.9100     587276.9700
        887.9000          0.9700          3.9300    2508778.9950
         94.0000          1.3200          4.5500     190738.0160
         25.8000          0.0700          3.1300     826873.7100
         21.7000          0.3900          3.4200     134156.7730
        107.0000          0.2000          3.2900    1177615.8910
        490.7000          0.4100          3.5200    3663564.9570
         57.5000          0.7000          3.7800     204077.4000
         44.4000          0.9300          3.9700      96718.7480
         17.2000          0.0300          3.1200    1278723.0170
        337.8000          1.4300          4.7400     929488.1700
         45.0000          0.2300          3.1200     401963.2060
        298.5000          0.7700          3.9100     947277.3830
          6.9000          0.1200          3.1200      97247.7360
         71.5000          0.2100          3.3000     882853.4040
        280.2000          1.1800          4.0100     805227.8520
        131.0000          0.5900          3.5800     551266.2850
       1030.1000          0.8700          3.9100    4026804.8680
         55.3000          0.2000          3.2900     715225.9380
        279.6000          1.5100          4.6900     496743.2780
         72.6000          0.5200          3.4700     160176.8350
         21.6000          1.0000          4.1400      98513.1000
        428.0000          0.3400          3.2900    2851702.3320
        219.1000          0.3700          3.3300    1349315.6130
         47.3000          0.5700          3.6000     183878.8000
        744.4000          0.9800          4.1600    2161975.8600
        335.9000          0.5600          3.4900    1206271.0000
         88.7000          0.3600          3.3100     482376.3360
        121.2000          0.7900          3.8300     417997.0080
         21.4000          0.0300          3.0700     899776.8360
        138.4000          0.3600          3.4100     827706.2800
         94.5000          1.0000          4.2100     222017.4600
        269.3000          1.0000          4.0800     851605.5870
        423.5000          1.5100          5.1100     944635.5300
        864.0000          1.2500          4.3400    1824867.0180
        177.2000          0.4800          3.7500     819369.3420
         45.9000          0.1800          3.2100     544721.4900
        100.0000          0.1700          3.1400    1082778.0550
         43.7000          0.7000          3.8700     150268.8480
         68.8000          0.6400          3.7300     274761.1090
        124.1000          0.8000          3.7900     421480.2000
         99.3000          0.5200          3.5500     222055.0180
        760.8000          2.0500          5.4000    1274651.5320
         61.0000          0.9100          3.8200     296990.2180
        977.1000          1.5000          5.5200    3026119.2000
         40.2000          0.0500          3.0900    1553507.7280
         18.5000          0.4400          3.4900     102338.9340
        540.4000          0.5500          3.5600    2316986.0280
         58.8000          0.2300          3.2200     716544.9630
        242.5000          1.2300          4.1900     564380.8000
       1014.8000          1.1700          4.0900    2244599.1540
        112.4000          1.3200          4.6400     182595.3150
         26.8000          0.0700          3.1500     808352.0200
         28.2000          0.5300          3.4900     121330.0550
        112.7000          0.2000          3.1800    1210510.9530
        501.6000          0.4100          3.4500    3475581.5300
         55.8000          0.7000          3.7200     181684.8600
         51.0000          1.1900          4.3800      99452.2000
         18.7000          0.0300          3.1800    1228565.1180
        327.5000          1.4300          4.6800     928527.1680
        100.8000          0.5500          3.4300     395699.5380
        296.1000          0.7700          3.8000     951276.4800
         15.7000          0.6000          3.5800      86924.7750
        158.5000          0.4300          3.5700     888639.8000
        286.4000          1.1800          4.0300     913326.3600
        129.9000          0.5900          3.5300     510150.4550
       1032.9000          0.8700          3.8800    4180302.1760
        116.6000          0.5200          3.7400     717576.8860
        270.2000          1.5100          4.7200     455905.5600
         82.4000          0.5500          3.4400     138007.1070
         20.7000          1.0000          4.2200      94666.9800
        443.8000          0.3400          3.3100    3099027.8160
        231.6000          0.3700          3.4000    1517203.0560
         46.3000          0.5700          3.5400     193030.7360
        650.0000          0.9800          4.4400    1946266.1680
        331.9000          0.5600          3.4700    1328470.6890
         89.2000          0.3600          3.3000     475486.6680
        118.7000          0.7900          3.7400     377852.5260
         21.6000          0.0500          3.0400     945061.7260
        147.7000          0.3600          3.4100     799254.6500
         94.0000          1.0000          4.1100     222579.3570
        271.1000          1.0000          4.0100     830979.0600
        413.6000          1.5100          5.0400     925942.2430
       1106.7000          2.0000          5.0900    1727980.8780
        160.7000          0.4800          3.7900     798571.2000
         46.3000          0.1800          3.2000     529028.3190
        101.3000          0.1700          3.1200    1061270.4960
         59.5000          1.2000          4.4000     143386.9440
         68.2000          0.6400          3.6300     290629.1280
        130.2000          0.8000          3.8000     435522.3180
         93.4000          0.5200          3.4900     211067.7950
        780.7000          2.4000          5.6200    1226617.9950
         61.5000          0.9100          3.8600     320349.7850
        939.7000          1.5000          5.4800    3107985.9350
         40.1000          0.0500          3.0400    1548027.6350
         18.5000          0.4400          3.3800     103308.6000
        564.8000          0.5500          3.4600    2001994.3190
        126.7000          0.6300          3.6200     694128.4520
        225.6000          1.1800          4.1700     529935.2750
       1051.5000          1.3500          4.3100    2357237.0760
        131.3000          2.4600          5.5100     169326.0360
         27.6000          0.0700          3.1300     758166.9460
         28.1000          0.5300          3.5200     119365.0920
        114.3000          0.2000          3.2100    1261596.6000
        507.3000          0.4100          3.3700    3436519.8000
         56.6000          0.7000          3.7600     203712.9550
         47.3000          1.1900          4.4500      96651.6980
        114.2000          0.1700          3.3000    1229883.2420
        329.8000          1.4300          4.7100     864941.2640
        102.1000          0.5500          3.3700     392665.2100
        299.1000          0.7700          3.7700     907034.1280
         23.2000          0.6000          3.6300      86311.4340
        161.4000          0.4300          3.5500     847752.0930
        296.1000          1.1800          4.7100     838182.4020
        133.4000          0.5900          3.5900     522712.0320
       1035.3000          0.8700          3.9500    4137760.0980
        208.1000          0.8400          4.0300     659138.1440
        269.7000          1.5100          4.7100     472981.8200
         86.1000          0.5500          3.5100     147605.7870
         23.2000          1.0000          4.2500      85409.8500
        432.8000          0.3400          3.4300    3074618.6100
        229.1000          0.3700          3.4900    1405006.8000
         47.9000          0.5700          3.6200     186504.1920
        643.7000          0.9800          4.6800    2017181.7550
        343.5000          0.5600          3.5000    1185051.7070
         91.3000          0.3600          3.3600     504773.7750
        120.0000          0.7900          3.8200     428270.8000
         52.0000          0.3000          3.3100     951246.5820
        126.0000          0.3600          3.4400     785178.1080
        153.0000          1.7800          5.0200     224328.6870
        271.1000          1.0000          4.0200     786704.6420
        426.5000          1.5100          5.0400     915145.3480
       1143.3000          2.0000          5.1600    1756867.6160
        391.0000          1.4000          4.7200     738880.0680
         48.5000          0.1800          3.1900     561850.1970
        103.0000          0.1700          3.2100    1068782.4170
         82.2000          1.7000          4.8500     144294.9300
         67.0000          0.6400          3.6700     255834.4440
        131.8000          0.8000          3.7600     434731.9440
        142.0000          0.8000          3.7400     194988.6400
        788.7000          2.4000          5.6800    1232680.0470
         62.0000          0.9100          3.8100     306745.2820
        941.5000          1.5000          5.4500    2782723.6200
        169.3000          0.2600          3.2300    1546916.2410
         20.6000          0.4400          3.3300     102055.6320
       1010.5000          1.2500          4.1300    2029015.5750
        197.7000          1.0300          4.0200     703816.8010
        234.1000          1.1800          4.2200     539908.4400
       1047.8000          1.3500          4.3200    2155456.7000
        125.1000          2.4600          5.6600     165196.4200
         28.7000          0.0700          3.1300     766192.9890
         28.5000          0.5300          3.5300     124350.4440
        117.2000          0.2000          3.2500    1082879.0000
        507.2000          0.4100          3.3600    3192023.1470
         59.3000          0.7000          3.7600     178310.3140
         47.4000          1.1900          4.4000      90860.5800
        179.9000          0.3000          3.5200    1170317.4530
        425.2000          2.0300          5.3200     858422.7360
        112.1000          0.5500          3.4200     381577.4090
        306.4000          0.7700          3.8100     914399.6160
         24.1000          0.6000          3.6700      89105.6160
        156.8000          0.4300          3.6100     827839.1250
        354.9000          1.6500          5.8100     938875.0140
        127.4000          0.5900          3.7500     499244.9280
       1007.4000          0.8700          4.0300    4012792.3550
        204.0000          0.8400          4.0900     701356.5900
        264.0000          1.5100          4.7400     433885.7650
         88.0000          0.5500          3.5900     131455.3000
         22.2000          1.0000          4.2600      83527.6870
        428.9000          0.3400          3.4900    2864248.5380
        224.1000          0.3700          3.5500    1385180.6860
         49.0000          0.5700          3.7000     218342.0160
        611.8000          0.9800          4.8700    2001207.9400
        358.4000          0.5600          3.5600    1195539.5450
        124.3000          0.6100          3.6700     467856.3780
        116.0000          0.7900          4.0300     385884.2620
        176.3000          0.3000          3.3700     950963.2020
        133.8000          0.3600          3.5300     770920.5780
        154.7000          2.0000          5.3600     216939.9030
        271.0000          1.0000          4.1700     761962.8330
        418.4000          1.5100          5.0400     848809.8800
       1111.2000          2.0000          5.3100    1663861.2240
        408.6000          1.4900          4.8700     672941.6100
         46.5000          0.1800          3.2900     541913.5200
        100.0000          0.1700          3.2900    1139112.8400
         84.6000          1.7000          4.9300     150226.8300
         68.0000          0.6400          3.7300     275544.1560
        130.8000          0.8000          3.8600     434346.0100
        138.6000          0.8000          3.8300     203971.2120
        766.5000          2.5800          6.0200    1177229.4040
         61.6000          0.9100          3.9000     320999.5360
        936.5000          1.5000          5.4500    2888881.4430
        239.7000          0.3500          3.3400    1639052.8440
         21.2000          0.4400          3.3700     109989.3900
        972.7000          1.2500          4.2600    2091555.7740
        205.3000          1.0300          4.0600     731546.3580
        242.2000          1.1800          4.2400     501218.1720
       1021.4000          1.3500          4.3300    2109215.4600
        118.9000          2.4600          5.7300     145206.0100
         27.6000          0.0700          3.1500     768787.8930
         43.2000          1.0300          3.9600     122051.5560
        129.7000          0.2000          3.2600    1183286.0700
       1024.4000          0.9100          3.8700    3492914.9040
         58.2000          0.7000          3.7800     218502.6480
         60.8000          1.7900          4.9300      89265.9680
        174.5000          0.3000          3.5400    1141548.4020
        418.8000          2.0300          5.4400     856953.2160
        110.5000          0.5500          3.5100     402700.4100
        300.9000          0.7700          3.9400     868265.3000
         25.6000          0.6000          3.7300      93190.1750

